   14181  68.296-111.378 6881.902  3572.7  2101.3 47224.9 1022
  309107  82.890-167.931 6885.016  1984.3  1578.9 46153.5 2036
  607966  72.005 105.071 6880.402  5602.4   164.4 47213.9    0
  904859  54.001  91.758 6868.477 14308.3   718.4 44344.0 2036
 1206667  35.139  85.874 6849.895 24847.4   199.7 31928.4 2033
 1534036  14.418  81.455 6824.352 31729.6 -1116.7  7703.3 1021
 1838302  -5.024  77.833 6798.148 28092.5 -3131.4-16928.0 6000
 2138636 -24.351  74.091 6772.930 18285.4 -6646.4-31398.3 1022
 2437986 -43.687  69.401 6751.453 11120.2-10454.7-36297.4 7068
 2733896 -62.692  61.363 6736.605  7990.3-12465.7-38574.4 7068
 3166455 -82.934 -33.164 6730.312 14912.9   800.3-41344.5 7068
 3464332 -67.460 -91.664 6737.559 14667.2  9833.0-37423.9 7068
 3764173 -48.340-101.898 6753.406 17938.1  8624.6-28623.9 7068
 4065490 -28.921-107.074 6775.754 21590.4  6061.8-17596.5 7068
 4365332  -9.651-110.936 6801.422 24682.4  4396.7 -3160.9 2036
 4665420   9.507-114.490 6827.387 25050.9  3969.4 13973.6 2036
 4965263  28.491-118.303 6850.703 21117.5  4566.5 29974.7 7000
 5265105  47.283-123.258 6869.059 14334.4  5064.2 41342.0    0
 5564701  65.714-132.400 6880.785  6763.4  4182.1 45784.1 1022
 5863069  81.806-174.142 6884.937  2791.1  1438.6 46110.5 2033
 6160944  74.335  85.554 6881.305  4913.2  1385.2 46531.2 2000
 6460296  56.356  69.482 6870.160 13088.2  2093.8 42852.8 7068
 6760629  37.625  63.188 6852.387 22290.4  1048.2 32398.8 2033
 7089472  16.836  58.616 6827.246 29492.2  -407.1 11263.9    0
 7388823  -2.272  55.032 6801.613 26249.4 -1978.5-11524.9 2036
 7724531 -23.866  50.882 6773.281 15212.6 -5194.1-24383.4 2036
 8020932 -43.012  46.288 6751.902 11062.5 -8291.5-27178.5 7068
 8318808 -62.154  38.395 6736.770 10957.9-10096.9-31967.8 1022
 8617175 -79.938   8.014 6730.105 13194.2 -7373.0-39345.9 7068
 9050226 -67.927-114.537 6737.301 11291.1 11352.7-42835.3 1022
 9349086 -48.885-125.021 6752.973 17270.4  8909.9-35528.4 7068
 9646470 -29.721-130.205 6774.914 22578.0  6495.8-22798.1 7068
 9959584  -9.598-134.255 6801.711 25729.1  4770.8 -5814.6 7068
10261393   9.668-137.830 6827.820 24869.1  4286.2 11588.7 7067
10564675  28.867-141.696 6851.324 20897.7  5082.9 25914.6    0
10864026  47.622-146.681 6869.480 15941.6  5584.1 36767.1 1022
11163869  66.057-155.990 6881.000  9406.5  3967.5 43706.2    0
11467643  82.173 158.241 6884.914  2934.1   793.8 46236.5 2033
11766011  73.675  61.062 6880.887  6257.9  1970.9 45033.2 4000
12063886  55.730  45.890 6869.453 13736.6  1791.2 39759.0 2036
12363237  37.049  39.733 6851.465 21850.9   991.0 29608.3 1022
12684215  16.751  35.290 6826.789 28251.2   164.2  9133.6    0
12982583  -2.297  31.718 6801.203 23837.6 -1139.2-12773.1    0
13280951 -21.484  28.060 6775.875 13425.1 -2972.2-22313.1    0
13578335 -40.692  23.629 6753.875  9991.7 -5010.2-22896.5 2036
13874737 -59.773  16.474 6737.977 12233.6 -6757.9-27274.8 7068
14175070 -78.119  -7.473 6730.258 15051.7 -4237.0-37478.4 7068
14473929 -78.009-120.098 6732.102  5732.5 12255.9-46631.3 7068
14769839 -59.946-143.572 6743.082 11524.1  9727.4-45902.3 7068
15068698 -40.746-150.809 6761.879 19462.0  7686.6-35786.8 7068
15370507 -21.305-155.295 6786.129 25283.8  6155.1-20333.8 7068
15671332  -2.021-158.971 6812.430 26853.8  4847.4 -1375.4 1022
15970191  16.996-162.545 6837.562 23473.7  4467.4 14735.5    0
16270033  35.908-166.656 6859.082 19851.3  4317.8 26270.7    0
16566926  54.414-172.530 6874.715 15762.6  3137.8 36955.2 1022
16866277  72.512 173.587 6883.410  8001.2   991.0 44865.5    0
17165136  82.709  83.199 6884.344  2700.4  1257.5 45962.9 1022
17464978  67.472  30.006 6877.480  9669.1   860.0 41771.6 2036
17762362  49.209  20.010 6863.531 16506.3   125.7 35006.9    0
18063679  30.303  14.810 6843.375 24131.2  -553.2 22046.1 7000
18390557   9.555  10.604 6816.836 26447.0 -2038.3  -669.3 2000
18690890  -9.679   7.039 6790.828 18335.3 -3884.5-17231.0 6036
18990241 -28.974   3.173 6766.363 10920.6 -4648.7-21100.1 2036
19287133 -48.155  -1.928 6746.516 10999.2 -4663.4-22158.8 2036
19584027 -67.126 -11.925 6733.711 14976.2 -3785.2-29525.1 7068
19881902 -82.831 -68.101 6729.758 12689.7  7873.9-42887.6 7068
20183219 -71.231-157.488 6735.453  3400.1  9703.4-51192.9 7068
20483553 -52.230-170.420 6750.055 13166.6  7853.1-47232.3    0
20785361 -32.790-176.122 6771.641 21708.9  6913.5-35436.7 7068
21089136 -13.254 179.818 6797.379 27514.4  5886.6-17330.9    0
21387995   5.848 176.265 6823.453 26932.4  4817.7  2064.9    0
21688820  24.921 172.537 6847.469 23433.2  3083.7 16817.4    0
21988662  43.749 167.911 6866.715 19990.8   798.5 29822.1    0
22288505  62.288 160.099 6879.516 13221.2  -743.1 41738.0    0
22587364  79.428 132.284 6884.801  3618.4   104.3 46551.4 2036
22883765  77.487  23.209 6882.305  6312.5   -96.9 43753.0    0
23180658  60.041   1.425 6872.312 12217.4 -1672.2 38740.9    0
23481484  41.348  -5.741 6855.414 19280.3 -2509.4 30058.4 2036
23780342  22.499 -10.177 6833.355 24832.4 -3830.5 14314.2 2033
24108203   1.608 -14.181 6805.613 22273.3 -5857.7 -5768.4 2036
24408045 -17.655 -17.796 6779.891 15261.2 -6367.3-15049.3 1022
24705430 -36.857 -21.987 6757.113 12345.9 -5171.6-18216.7 2036
25004288 -56.135 -28.335 6739.895 14706.7 -2738.4-23066.5 7068
25304131 -74.879 -45.526 6730.707 16301.0  2614.4-35962.9 7068
25602989 -80.854-152.850 6730.977 -2044.6 10854.9-49908.4 2036
25902340 -63.367 171.898 6740.707  4510.7  6294.3-53953.9 7068
26199725 -44.314 163.593 6758.410 15132.4  5727.7-47928.7 2036
26501041 -24.901 158.828 6782.059 24264.6  4975.3-34211.0 7068
26801867  -5.598 155.072 6808.293 28998.9  3843.4-14121.0    0
27102692  13.568 151.501 6833.977 27971.7  1783.0  5870.5 2036
27402534  32.508 147.544 6856.230 24387.2  -974.9 23340.9 2036
27711225  51.791 141.906 6873.344 17434.4 -2568.9 38657.1    0
28011066  70.060 130.186 6882.855  7535.5 -1294.5 46490.7    0
28309434  83.204  58.278 6884.605  3405.3  1095.3 45420.3 2036
28605835  70.200 -13.784 6878.652  7796.7 -3297.6 42047.9 7000
28904694  51.965 -25.598 6865.391 13956.2 -4540.2 37197.8    0
29204537  33.187 -31.140 6845.914 20341.5 -5721.6 26954.8 7068
29538787  11.995 -35.552 6819.121 22944.8 -7353.5 10390.4 7068
29837646  -7.131 -39.103 6793.258 20070.7 -7210.2 -2852.4 2036
30136013 -26.354 -42.876 6768.598 16403.7 -5042.7-11049.9 7068
30433398 -45.573 -47.714 6748.145 16075.8 -1683.8-17425.7 2036
30735206 -64.922 -56.741 6734.383 17444.1  3372.7-29491.0 2036
31036032 -81.910-100.212 6729.633  7913.2 12025.2-45164.9 7068
31336366 -73.233 158.804 6734.590 -3512.6  3474.7-54588.6 7068
31634733 -54.480 143.873 6748.461  7505.7  2121.8-54694.8 7068
32193865 -18.494 134.217 6791.113 26530.2  2066.6-31247.4 2036
32496657   0.890 130.566 6817.691 30850.8  1150.5 -8996.9 1022
32796498  19.939 126.945 6842.398 29638.4  -744.0 13720.5 2036
33097324  38.877 122.656 6862.953 23162.5 -2233.4 33376.2 1021
33397166  57.512 116.135 6877.297 13059.0 -1645.4 45113.4    0
33695042  75.283  98.704 6884.273  4342.5   916.3 46840.8    0
33991444  81.229  -5.013 6883.512  4504.6 -1802.0 44303.3 2036
34288828  64.828 -42.114 6875.141  7026.2 -5233.1 43103.3    0
34585721  46.500 -50.823 6859.891 13810.1 -5707.4 39216.0    0
34885563  27.645 -55.707 6838.848 19749.3 -5708.8 29480.9 1022
35214898   6.705 -59.854 6811.566 22623.6 -4444.6 14492.9 1022
35512774 -12.400 -63.399 6785.867 21462.6 -2204.1   355.3 2036
35810650 -31.620 -67.345 6762.172 18821.8   944.0-10942.4 2036
36109509 -50.928 -72.822 6743.379 18223.0  4801.8-22114.5 7067
36408368 -69.929 -84.658 6732.129 14952.6  9107.6-37474.1 1022
36831588 -78.800 149.593 6732.051 -7681.9  1078.3-52705.3 7067
37129464 -60.770 123.657 6743.238  2031.8 -2670.6-55203.4 7068
37429307 -41.523 116.170 6762.266 13050.5 -2032.8-50122.6 7065
37729148 -22.215 111.655 6786.496 23435.2  -546.8-36527.9 7068
38033906  -2.683 107.916 6813.230 30959.3   126.4-14859.2 2036
38331782  16.268 104.363 6838.277 31840.8  -307.6  9885.0    0
38634574  35.363 100.244 6859.895 25072.0  -510.4 32181.7 1022
38934907  54.084  94.376 6875.437 14303.8   477.4 44346.0    0
39235241  72.257  80.736 6883.766  5705.9  2163.4 46204.3    0
39531151  82.867  -6.523 6884.277  3804.6 -1818.6 44613.8    0
39826569  68.178 -62.571 6877.191  4117.1 -3751.1 45586.6    0
40124937  49.877 -72.994 6862.953 10750.2 -3298.0 44738.3 1022
40425270  31.034 -78.260 6842.699 18706.6 -1548.1 36123.8 1022
40756080  10.033 -82.541 6815.746 23816.2   782.3 19030.7 2000
41054447  -9.081 -86.082 6789.930 23775.6  2799.9  1691.5 7036
41355272 -28.477 -89.949 6765.461 20862.3  5045.5-13270.2 1022
41655115 -47.857 -95.057 6745.672 18278.5  8080.0-26226.5 7065
41956923 -67.150-105.169 6733.105 13060.0 10990.2-40385.8 7068
42254799 -82.843-161.521 6729.730 -4664.1  9667.9-49977.4 7068
42552184 -71.450 109.554 6735.867 -2468.0 -7558.3-51992.1 7068
42849077 -52.685  96.519 6750.656  6620.9 -8793.4-49231.9 1022
43149411 -33.349  90.773 6772.348 15771.9 -6392.8-41230.1 7068
43453676 -13.787  86.684 6798.270 25011.6 -3516.3-27015.8 7068
43754994   5.465  83.101 6824.609 31391.5 -1689.8 -4567.9 2036
44057293  24.626  79.365 6848.656 28990.3  -372.9 20480.1    0
44376797  44.676  74.400 6868.715 19135.7  1323.1 38030.1 1022
44677622  63.247  66.243 6880.734  9978.2  2262.1 44101.2 1022
44975498  80.121  35.521 6885.070  4989.1   607.5 44493.1 2036
45272883  76.650 -72.448 6881.602  1167.2 -2321.7 45894.9 2036
45572725  58.893 -92.438 6870.570  6587.9  -115.3 47759.4    0
45873059  40.200 -99.296 6852.898 15921.5  2298.4 41449.7 1021
46174375  21.174-103.684 6830.102 22989.3  3392.9 26581.2    0
46489456   1.079-107.513 6803.250 25432.1  3925.6  7078.3 7068
46788314 -18.133-111.122 6777.738 23767.8  4997.0-10225.0 2000
47088157 -37.504-115.380 6755.168 20404.1  7349.9-25608.5 2036
47388491 -56.878-121.905 6738.527 14788.0 10098.6-39513.3 7068
47690791 -75.701-140.503 6730.168  2587.1 12101.4-49186.9 7068
47989158 -80.238 109.914 6731.437 -6004.0 -8057.9-49847.1 7068
48287034 -62.603  78.152 6742.020  4950.2-11983.7-43966.1 7068
48585401 -43.478  70.108 6760.477 11026.8-10374.6-36493.9 7068
48885736 -24.138  65.432 6784.480 17048.1 -6553.8-28277.9 7068
49185577  -4.911  61.709 6810.762 25723.8 -2860.2-14565.3 7068
49484928  14.148  58.155 6836.184 29498.9  -578.5  7768.2 2036
49784279  33.044  54.184 6858.043 23864.3   864.0 27768.7 2036
50082646  51.674  48.718 6874.156 15332.1  1756.2 38440.1 2036
50381014  69.859  37.189 6883.230  8398.9  2126.7 42640.9    0
50680856  83.206 -33.902 6884.547  2162.7 -2691.3 44937.8    0
50980207  70.142-107.098 6878.023  2610.7  1554.6 47407.6    0
51280540  51.808-118.898 6864.219 11862.3  4518.5 44230.1 2036
51581366  32.959-124.431 6844.305 19876.9  5027.2 32352.9    0
51882191  13.885-128.427 6820.145 24467.8  4292.3 16409.2    0
52202187  -6.591-132.237 6792.508 25947.9  4532.4 -2825.7 1022
52501537 -25.883-136.009 6767.871 23749.3  6204.9-20857.5 7068
52805311 -45.522-140.930 6747.219 18098.1  8248.4-37185.8 1022
53105646 -64.783-149.866 6733.895  8279.1 10045.2-48935.1 7068
53403030 -81.706 168.745 6729.559 -7896.9  4418.7-51492.8 7068
53700414 -73.747  66.428 6734.730  4445.9-12795.4-43099.3 7068
53997308 -55.129  50.915 6748.684  9976.4-10862.4-32421.1 7068
54296658 -35.869  44.765 6769.719 11478.7 -6621.7-25252.0 7068
54593551 -16.773  40.645 6794.719 16749.8 -2743.8-21171.4 2036
54895359   2.529  37.028 6821.191 26099.7  -591.7 -7487.8    0
55198151  21.743  33.344 6845.711 27111.7   301.4 14677.9    0
55498485  40.626  28.949 6865.453 20011.7   607.7 30885.7 1022
55797835  59.195  22.042 6878.754 12554.8   248.4 38916.5 1022
56095220  76.757   1.915 6884.570  6305.4 -1630.4 43241.7 2000
56432910  78.051-114.817 6881.758   783.0  1315.8 46549.0    0
56729312  60.727-138.042 6871.332 10079.3  4416.4 44214.6    0
57028171  42.163-145.365 6854.215 17648.3  5554.7 33981.8 7036
57326539  23.341-149.856 6832.023 22162.8  4680.6 20915.0 2036
57656856   2.286-153.907 6804.062 26356.8  4524.7  3418.7 1022
57955716 -16.922-157.502 6778.570 26367.9  5849.5-16559.6 2036
58256541 -36.356-161.710 6755.832 20861.0  7352.6-35088.9    0
58555891 -55.678-167.977 6739.035 11610.1  8245.5-48621.5 7068
58854751 -74.406 175.555 6730.410 -2552.3  6239.2-53821.2 7068
59155084 -81.138  69.419 6731.254  1580.4-12758.6-45262.4 7068
59457876 -63.570  32.187 6741.684 11183.4 -9419.7-31402.5    0
59756243 -44.465  23.789 6759.945 10139.1 -5484.5-23324.1 7068
60052645 -25.380  19.078 6783.480 11508.8 -3512.3-22240.9 7068
60350521  -6.275  15.347 6809.527 20419.9 -2737.1-15840.3 7068
60654787  13.103  11.739 6835.398 26689.7 -1662.8  3418.4 7000
60955121  32.067   7.795 6857.398 23077.2 -1146.9 23118.1 1022
61266268  51.502   2.164 6874.164 15335.6 -1599.7 35363.6    0
61565127  69.723  -9.283 6883.051  8276.4 -2614.9 41638.7    0
61863495  83.194 -78.521 6884.168  -343.8 -1599.6 45734.9    0
62161862  70.417-153.380 6877.547  7784.6  3169.1 45179.0    0
62459247  52.277-165.329 6863.828 16029.7  4143.4 36481.5 2036
62764004  33.182-170.992 6843.645 20680.5  4043.0 24161.6    0
63065813  14.044-175.011 6819.418 24801.0  4553.2 10831.7 2000
63390232  -6.721-178.876 6791.484 28145.7  5587.1 -9910.0 7065
63688600 -25.955 177.360 6767.098 24334.1  6435.0-31218.8 7068
63991392 -45.533 172.450 6746.750 15262.2  6649.7-47115.7 7068
64291233 -64.764 163.528 6733.699  2791.7  4778.2-55331.8 7068
64591568 -81.803 121.097 6729.629 -7939.5 -6138.8-50133.6 7068
64889935 -73.529  19.453 6735.160 12336.8 -8576.3-35471.5 7068
65187811 -54.836   4.179 6749.477 11731.0 -5125.3-24248.5 2036
65485195 -35.704  -1.886 6770.582 10274.8 -4749.3-20760.1 7068
65782580 -16.582  -6.005 6795.715 14872.2 -5398.1-17448.8 7068
66083897   2.683  -9.615 6822.109 22655.9 -5083.3 -5779.1 7068
66385705  21.830 -13.289 6846.402 24405.9 -4303.5 13905.7 2033
66686530  40.740 -17.698 6865.941 18723.2 -3956.5 30227.4    0
66985389  59.276 -24.619 6878.926 11216.9 -3608.9 39689.4    0
67285231  76.959 -45.265 6884.437  3092.7 -3604.8 44624.0 2036
67583599  79.806-154.037 6882.082  2750.2  2299.1 46212.0 2036
67883932  62.656 176.527 6872.090 13245.9  1265.7 41139.6 1022
68182300  44.165 168.607 6855.469 19945.9   866.9 30214.1    0
68481159  25.332 163.948 6833.613 24433.9  1986.5 16642.8    0
68817868   3.882 159.774 6805.320 28632.5  3688.8 -3037.3 7068
69119675 -15.510 156.158 6779.598 27583.8  4435.1-25266.5    0
69420993 -34.975 152.015 6756.703 19471.5  4368.3-44168.9    0
69721327 -54.372 145.973 6739.605  7859.5  2947.8-55030.6 7068
70022151 -73.313 130.865 6730.617 -4661.3 -3204.6-54090.4 7068
70320028 -81.945  30.425 6731.090  9684.0-10785.7-41787.3 7068
70620361 -65.040 -13.363 6741.012 14490.1 -3733.7-28252.1 6000
70917746 -46.031 -22.341 6758.840 12462.7 -4267.0-19952.6 7068
71212673 -27.043 -27.179 6782.020 13909.0 -5928.5-15043.6 7068
71509074  -8.027 -30.939 6807.871 18982.0 -7292.3 -6506.2 2036
71809408  11.110 -34.495 6833.551 22696.0 -7282.8  9179.8    0
72110724  30.151 -38.379 6855.953 20221.1 -6240.0 26205.9    0
72412533  49.028 -43.555 6872.758 13330.4 -5618.4 38662.8 7000
72709917  67.259 -53.424 6882.348  5168.1 -4514.6 44517.7    0
73008285  82.583-104.409 6884.285  -633.7   -14.1 46119.7 2036
73307144  72.802 163.245 6878.441  9004.0  -573.8 45204.9    0
73607477  54.624 149.012 6865.273 16539.4 -2071.7 39206.0    0
73907320  35.873 143.045 6845.980 23850.7 -1794.2 27086.5    0
74207653  16.851 138.918 6822.266 29168.9   107.0  9446.7    0
74522734  -3.295 135.144 6795.230 30476.9  1719.1-13872.5    0
74827000 -22.894 131.385 6770.016 24817.1  1696.9-36252.2    0
75128808 -42.411 126.763 6749.027 13887.2   -34.3-50970.7    0
75452736 -63.233 117.998 6734.176  1006.1 -5134.0-54793.2 7068
75754052 -80.865  82.592 6729.625 -1302.1-12440.4-46771.9 7068
76051929 -74.932 -24.565 6734.680 15378.4 -1781.0-34996.5 7068
76351279 -56.261 -41.805 6748.676 16063.6  -905.0-22815.5    0
76649647 -37.078 -48.159 6769.605 15893.0 -2776.1-13991.5 7068
76949489 -17.797 -52.382 6794.855 19017.1 -4265.3 -4845.3 1022
77248840   1.346 -55.983 6821.109 22080.4 -4981.3  9165.1 2036
77548191  20.345 -59.602 6845.375 20959.4 -4954.5 25048.3 2036
77848032  39.204 -63.897 6865.145 15538.9 -4611.8 38541.8    0
78147875  57.826 -70.487 6878.535  7253.0 -3563.8 45771.2    0
78444767  75.508 -88.258 6884.418   771.3 -1079.6 46485.9    0
78742644  81.003 166.763 6882.527  3503.4   962.9 46346.6 6000
79042486  64.334 131.058 6872.992 10479.4 -2161.5 45594.0 2036
79342328  45.796 122.489 6856.645 19790.4 -2470.7 38790.9 1021
79640204  27.041 117.698 6835.090 28501.9 -1261.7 22805.5 1022
79975437   5.699 113.496 6807.023 32283.5   272.9 -3716.8 2036
80279212 -13.811 109.871 6781.020 27660.0  -228.5-28105.1 2036
80580037 -33.243 105.817 6757.879 17411.0 -3351.8-44702.5 1022
80878896 -52.556 100.101 6740.402  7097.2 -7644.9-50747.5 2036
81176772 -71.429  87.042 6730.852   743.2-11985.1-47620.6 7068
81475140 -82.824  -2.320 6730.570 13488.8 -5501.1-41135.5 7068
81775474 -66.964 -58.415 6739.809 16858.8  4171.9-31327.7 7068
82073841 -47.941 -68.342 6757.187 17932.0  3354.4-19501.4 1022
82373683 -28.639 -73.448 6780.516 19559.2  2120.5 -9930.6 7068
82674017  -9.367 -77.303 6806.695 22849.2  1092.1  2640.7    0
82971893   9.621 -80.827 6832.301 23460.0   444.1 18624.2    0
83271735  28.579 -84.640 6854.855 19647.4    36.9 34356.0 1022
83572560  47.412 -89.620 6872.000 11793.9    57.2 45098.1    0
83870436  65.724 -98.729 6882.062  3721.9   589.8 47568.9 2036
84169788  81.844-140.874 6884.469  1102.2  1734.4 46219.5 2036
84465697  74.378 119.317 6879.145  5276.7  -662.3 47130.7 6000
84761607  56.600 103.278 6866.660 13094.4  -366.8 45609.1 7068
85061449  37.881  96.938 6847.812 23789.6  -278.1 34737.0 7036
85364732  18.690  92.667 6824.148 31638.9  -592.8 13115.2 2036
85696033  -2.484  88.681 6795.793 30190.5 -1920.3-15231.7    0
86000300 -22.081  84.940 6770.578 20763.8 -5233.3-33501.1    0
86297683 -41.313  80.461 6749.773 11807.7 -9444.8-40622.7 2036
